#1=tcen  MJD 
#2=t_half_duration DAY 
#3=Fxspec_tot erg cm-2 s-1 
#4=Fxspec_tot_errl
#5=Fxspec_tot_errh
#6=Fxspec_bb erg cm-2 s-1 
#7=Fxspec_bb_errl
#8=Fxspec_bb_errh
#9=flag
56497.5090886805 0.168742162699345 6.36120852066451e-09 2.36595088024604e-11 2.81102626871737e-11 2.78774466266106e-09 2.14589990430002e-11 2.14201509977008e-11 4
56497.5090886805 0.168742162699345 6.36135297322687e-09 2.31545217142745e-11 2.40155049641018e-11 2.78702634499994e-09 1.95279925894146e-11 2.19598834399353e-11 4
56499.920942512 0.0422772245510714 5.09119002419667e-09 2.29426622091333e-11 1.83165232051117e-11 2.00238359705293e-09 1.72671846812369e-11 1.95540332625752e-11 4
56501.9899864843 0.0398952880532306 4.13880115869767e-09 1.84755263495604e-11 1.98200106444282e-11 1e-12 0 0 4
56503.9212847858 0.0384488331510511 3.57259351041536e-09 1.61821816372858e-11 1.74681104539435e-11 1.17226030720157e-09 1.35590344683107e-11 1.17392119218377e-11 4
56510.4908382516 0.138362966648856 1.22650327445247e-09 9.17534011103833e-12 1.18895758379252e-11 1.74682661380388e-16 1.74682661380388e-16 -1.66316655220801e-16 4
56512.3568555586 0.00638962654920761 1.23390283483052e-09 1.37546223869926e-11 1.57778719188884e-11 1.11196836003524e-25 1.11196836003524e-25 1.14851806219446e-19 4
56514.3874313972 0.0334075585997198 2.13564861306284e-10 3.76529136666992e-11 3.59874485208951e-11 1.70369327847979e-14 1.70369327847979e-14 4.94742229837687e-15 4
56451.5363312987 0.000734221397578949 3.34174380792631e-10 2.29413886428237e-11 2.32659530017027e-11 7.15476263061201e-85 7.15476263058225e-85 6.74226425232382e-16 4
56452.4088562815 0.004627338697901 4.65619519147494e-10 1.61454933191358e-13 5.72934449204392e-11 1e-12 0 0 4
56453.6237257351 0.00578565890100435 8.43778041300072e-10 1.61664836255568e-11 1.7698117643647e-11 3.8022691072669e-10 1.22481580181964e-11 1.38466018553779e-11 4
56454.6291918925 0.00555330069983029 1.45670998465764e-09 1.9466488647537e-11 2.0921124828184e-11 5.85073603923221e-10 1.90288926566379e-11 1.93092971800801e-11 4
56456.8218507651 0.00867914849732188 3.13038386928383e-09 3.18763029717693e-11 3.32561163136721e-11 1e-12 0 0 4
56458.9004270905 0.0732208874469507 1.80371713075758e-08 -5.65952154254644e-11 2.13514137760428e-10 1e-12 0 0 4
56457.5346925589 0.437581708796642 4.96679176061354e-09 3.08046153314264e-11 3.69304711997366e-11 1.32815421231585e-09 3.31878841464927e-11 2.94755370845173e-11 4
56459.556401439 0.00891088699790998 1.89069615934085e-08 7.47395988671616e-11 2.3808683391683e-09 1e-12 0 0 4
56460.224042763 0.00862141774996417 2.59321686872252e-08 1.69109514933035e-10 1.46662854839388e-10 1.20051559769681e-08 1.37811908360153e-10 1.37690885014462e-10 4
56466.7627335819 0.00578476284863427 2.80407420304337e-08 2.1226104913954e-10 2.30902066700601e-10 1.33315151332423e-08 2.15948324935768e-10 1.7957779388489e-10 4
56468.7337940189 0.0398539472480479 2.16620315483251e-08 1.06769895089813e-10 3.17426118372287e-09 1e-12 0 0 4
56470.5380813072 0.0307055583507463 2.24149370741021e-08 4.8787702284452e-10 5.30186553397162e-10 9.68906574914471e-09 4.27099800275148e-10 4.56120000466801e-10 4
56472.5061617233 0.00708761699934257 1.99826022540831e-08 1.26478587818261e-10 1.48762186469913e-10 8.65737201620306e-09 1.09897630819265e-10 1.13106094798136e-10 4
56474.1377496753 0.0365765380010998 2.01344737945457e-08 1.1037077288823e-10 1.56788509302321e-10 8.8813827762107e-09 1.23691691431232e-10 1.2367432432569e-10 4
56476.7157302835 0.00584361424989766 2.06871372590117e-08 1.57181050422284e-10 1.44556764222529e-10 9.17460685110515e-09 1.24583578864026e-10 1.15316804810176e-10 4
56480.7150532083 0.00512022445036564 1.91064034477867e-08 3.72273601512291e-10 4.10634430768907e-10 1e-12 0 0 4
56482.2527916591 0.00558315879970905 1.79171806299093e-08 1.11309780551015e-10 1.124731862735e-10 7.44633438940787e-09 1.25117161507027e-10 1.15729408511544e-10 4
56484.6654873096 0.00607501464764937 1.48220986011305e-08 9.10557783049817e-11 1.01043450364707e-10 5.38224514897393e-09 8.81799566423323e-11 8.25273024313763e-11 4
56485.9408736887 0.0702923267999722 2.68580306437313e-08 2.26287531332644e-10 2.30516632120289e-10 1.29637744690725e-08 2.24641609527377e-10 2.22734211416328e-10 4
56488.6746215132 0.0698574654015829 1.59885083104216e-08 0 1.15096452302916e-09 1e-12 0 0 4
56490.6803088533 0.137799763400835 1.09133483263318e-08 7.88558832824091e-11 8.21582086920613e-11 4.74359114848241e-09 7.80377973419581e-11 7.0150775330436e-11 4
56492.6655776005 0.00595925779998652 1.00977194661397e-08 7.23993700513855e-11 8.19712670082498e-11 4.33925394527022e-09 6.36166072015709e-11 6.68060252349305e-11 4
56494.1421791738 0.013431604449579 7.55361306049288e-09 5.07716975424381e-11 5.45014221763658e-11 3.97052616241127e-09 5.272889489472e-11 4.87127835050884e-11 4
56505.9557011338 0.00196536415023729 2.84022926518594e-09 2.85953715616446e-11 4.35017340948581e-11 1e-12 0 0 4
56507.9359997212 0.0355556645990873 2.59576888308494e-09 1.50015134766368e-11 1.58804279230208e-11 1.76239290997641e-10 1.76239290997641e-10 -1.76203753988827e-10 4
56509.9515544782 0.00335507415002212 1.72887707272387e-09 2.65650594042943e-11 2.442103061076e-11 4.44151936530006e-30 4.44151936530006e-30 9.24348413157053e-19 4
56525.5009996368 1.26825568129789 8.94206144955913e-12 7.05614603603809e-12 4.9216225253393e-12 6.87154887765311e-27 6.87154887765311e-27 8.77821593767215e-17 4
56514.3928129047 0.0384631060005631 2.06468174044837e-10 1.07793993121445e-11 1.01407195239082e-11 8.98712267731257e-79 8.98712267731257e-79 9.06542647680936e-17 4
56516.5334449287 0.0388126055513567 6.25714875720575e-11 1.24695467107005e-11 3.05865232514453e-12 4.91203915490206e-78 4.91203915490206e-78 3.95826138877206e-17 4
56521.0397334522 0.0750464745506179 1.23781069275391e-11 1.24738559347001e-12 1.28410475446615e-12 1.15455245743313e-72 1.15455245743313e-72 1.8442416677485e-18 4
56524.5421566862 0.309247443547065 7.23002385127619e-12 7.61253849506068e-13 8.2447659661171e-13 1e-12 0 0 4
56526.7403077934 0.0374710152973421 5.48239332447758e-12 3.68644204897403e-12 1.08270401988621e-12 1.29891992863483e-28 1.29891992863483e-28 7.06163929093986e-17 4
56528.425980833 0.0393156633981562 6.80155493293861e-12 7.82665852073094e-13 8.74443015681885e-13 1e-12 0 0 4
56535.3274766253 0.140604824551701 4.33836791945167e-12 6.8127630552658e-13 7.17629690771805e-13 1.22713874924322e-57 1.22713874924322e-57 2.82650019657449e-17 4
56537.5552938138 0.0392044961008651 3.74073032181448e-12 7.16144653272299e-13 6.29294260743507e-13 1.03550311577277e-78 1.03550311577277e-78 5.21679066419126e-17 4
56539.2354401956 0.0354178411034809 3.74931560987883e-12 7.6623135392058e-13 5.40424780189261e-13 3.67670952335366e-66 3.67670952335366e-66 8.27603045197453e-17 4
56544.5452951765 0.0061231884501467 5.02123179311998e-12 3.24628491381336e-12 1.40733795152219e-12 1.26864984283702e-21 1.26864984283702e-21 9.72365096096223e-18 4
56559.2282584277 0.0696792146009102 2.78076961927697e-12 4.95797264677224e-13 6.88256661510845e-13 8.3657118193852e-92 8.36571154640236e-92 3.60728088113494e-19 4
56566.9217815446 0.0393372151484073 2.44243171137052e-12 5.41921138506572e-13 5.56141177025298e-13 5.71543052539396e-19 5.71543052539396e-19 3.39436216393196e-17 4
56568.738582506 0.107092071848456 3.20503679689164e-12 5.21812363237221e-13 5.61381491946951e-13 2.05833145075263e-26 2.05833145075263e-26 9.95986174640665e-16 4
56573.6709652782 0.0380825444990478 2.82727009807472e-12 5.13084055077623e-13 5.9675705466549e-13 6.47612063427794e-32 6.47612063427794e-32 8.85588054890185e-18 4
56580.2107229957 0.0323554789501941 2.8812241744617e-12 5.4943366694151e-13 5.43008838680057e-13 1e-12 0 0 4
56587.1152918426 0.0701489810999192 2.79347166150993e-12 4.40857320791325e-13 5.30183437352394e-13 2.59386040650825e-36 2.59386040650825e-36 1.88875614364826e-16 4
56594.4587917827 0.0662373646991909 2.06190689068722e-12 4.26363953319639e-13 4.76313157079951e-13 4.48851168370473e-16 4.48851168370473e-16 -4.37237941507803e-16 4
56451.5421047597 0.00502040395076619 2.84937436656843e-10 1.60913687180253e-11 2.38806059945935e-11 1.52052167366363e-10 1.79631052876526e-11 2.04845960768444e-11 4
56486.0062793761 0.000435297148214886 1.20094415836701e-08 4.99075127676927e-09 3.44079606726243e-09 8.84561304383002e-09 3.15500110077492e-09 1.25194219261146e-08 4
56526.3491028695 2.11619362684723 3.81869708774646e-12 2.7388286118923e-13 2.75569526144103e-13 3.43209207154062e-12 2.87659545306356e-13 2.5060553877541e-13 4
56537.2288649188 2.0419931179531 3.97528811243172e-12 3.80243202795086e-13 4.65201822482387e-13 1.28385353135433e-40 1.28385353135433e-40 2.41462926543302e-19 4
56544.5452951765 0.0061231884501467 4.97096596912006e-12 1.52437226780548e-12 1.64789486715583e-12 7.20882428947974e-42 7.20882428947974e-42 7.64847761563461e-17 4
56583.8508305956 24.6922513825011 2.71387293564381e-12 1.75505836811181e-13 1.8472994851019e-13 6.56531170260228e-16 6.56531170260228e-16 -6.41999127737404e-16 4
